V2 38.16929970 -85.73606014 10
V2 38.17014319 -85.73717594 3
V2 38.17064927 -85.73872089 3
V2 38.17125657 -85.73889256 10
V2 38.17085171 -85.73739052 3
V2 38.17034562 -85.73580265 3
V2 38.16909727 -85.73515892 3
V2 38.16781515 -85.73464394 3
V2 38.16660049 -85.73498726 3
V2 38.16737652 -85.73361397 3
V2 38.16737652 -85.73176861 3
V2 38.16710660 -85.73060989 3
V2 38.16653301 -85.73043823 20
V2 38.16710660 -85.73060989 3
V2 38.16737652 -85.73176861 3
V2 38.16737652 -85.73361397 3
V2 38.16660049 -85.73498726 3
V2 38.16781515 -85.73464394 3
